(0.0,[-0.19138793197590276,0.7834675900121327])
(1.0,[3.712420417753061,3.55967640829891])
(0.0,[-0.3173743619974614,0.9034702789806682])
(1.0,[4.759494447180777,3.407011867344781])
(0.0,[-0.7078607074437426,-0.7866705652344417])
(1.0,[2.6708084832010215,2.5322909406378016])
(0.0,[-0.07553885038446313,-0.1297104483563081])
(1.0,[2.759487072285262,2.474689814713741])
(0.0,[-2.2199161547238107,0.7543109438660762])
(1.0,[1.922617509832946,1.9412373902594937])
(0.0,[0.8140942462004225,1.883920822277784])
(1.0,[1.7649295902120172,3.8195077526061363])
(0.0,[-1.1173052428096684,-1.468964723960145])
(1.0,[1.8733449544967458,2.913026590975709])
(0.0,[-0.11212965215910947,1.068087981775071])
(1.0,[2.3368459971730227,5.453870208593922])
(0.0,[-1.2802488543364463,-0.47218504171867676])
(1.0,[4.1917343620336895,3.5602286778418355])
(0.0,[0.5995976502137177,-0.797374550890321])
(1.0,[3.721592294428238,4.824418090974808])
(0.0,[-0.0721649164244053,-1.3952880192542576])
(1.0,[3.609764030146346,3.4730043476891277])
(0.0,[-1.5078269860498976,-2.6460421495665987])
(1.0,[1.8510254911824193,1.6748364225650059])
(0.0,[1.021485727769095,-0.14476425336866738])
(1.0,[4.10105000223134,2.3772502437548493])
(0.0,[2.6132710211418675,-1.061646527586342])
(1.0,[2.6444875273854653,4.043302750329545])
(0.0,[1.115723715938777,0.38401588153403887])
(1.0,[2.045759949164019,3.156447533448806])
(0.0,[-1.0543022640565405,-0.6820337845705753])
(1.0,[3.535337069948117,3.8121122972294965])
(0.0,[0.9427529503486505,-0.25123516319259886])
(1.0,[3.9611643301316795,3.3144121016644443])
(0.0,[-0.15013188927817916,0.8178862482229886])
(1.0,[3.200504584029051,2.3088398886136057])
(0.0,[0.819731993393585,-0.47386644109886344])
(1.0,[3.283317566020217,3.4828146842654513])
(0.0,[-2.3283941193793303,-0.6148925379529])
(1.0,[3.901670215294089,3.6356776610143324])
(0.0,[-0.28635769830042973,0.049586437072917544])
(1.0,[3.1114746381043927,3.6314805300338775])
(0.0,[-1.3085536069757229,0.11172767926766304])
(1.0,[3.3676979357140744,4.689661419564771])
(0.0,[-1.5820787210442733,1.3226576351191428])
(1.0,[2.5957586701668207,3.0648240201825923])
(0.0,[-2.116823743560968,0.272822309954307])
(1.0,[3.31672509500716,3.870172182480263])
(0.0,[0.09751166932653511,0.6469052579904877])
(1.0,[2.0609623373451305,3.9496181906908694])
(0.0,[0.5238217321419351,-1.2424816480725946])
(1.0,[3.5731384504449717,5.293293512805712])
(0.0,[-0.8507917425723299,-1.2243124053200718])
(1.0,[3.3060954421001867,3.1337045819604565])
(0.0,[1.5066706426420082,0.04176666807070882])
(1.0,[4.197316426430547,2.327643377792433])
(0.0,[-1.8068158696573955,-1.6380836149377855])
(1.0,[3.568239793850545,3.561688791420822])
(0.0,[0.4705756905309871,1.1991675114038487])
(1.0,[4.85003762884306,4.253420553408024])
(0.0,[0.7595792932847568,0.014062431397674205])
(1.0,[1.6984862661221896,1.7746925013882613])
(0.0,[0.1132294255888917,-0.09228036942051128])
(1.0,[3.766092539171029,2.765647342841482])
(0.0,[1.053401788561791,-1.0588667339849278])
(1.0,[2.780021685872393,3.239478188786074])
(0.0,[0.4042022490052266,1.0982210323828034])
(1.0,[2.4939569547402063,2.4615506964861273])
(0.0,[0.4469359967563411,0.3880418183993791])
(1.0,[2.7943749030887486,3.742182807141721])
(0.0,[-0.4418685162293727,0.802180923066725])
(1.0,[3.711213212127241,4.620177703831104])
(0.0,[0.10737314976605918,-1.5716142960765325])
(1.0,[4.0522289913808365,3.77562942835957])
(0.0,[1.4798827061781141,1.1638601205648005])
(1.0,[3.6758023575825547,3.115500589955362])
(0.0,[-1.803338141681238,-0.639996207387159])
(1.0,[2.044667029270621,3.04922768663927])
(0.0,[-0.06067427095346295,1.394611410740688])
(1.0,[4.626495834477846,2.995800202291488])
(0.0,[-0.2770274350630315,0.4521526506693692])
(1.0,[3.130857841268635,3.76858860814448])
(0.0,[2.163400739017478,-1.303601716798734])
(1.0,[2.9131896969824367,3.4288919990054167])
(0.0,[-0.7145108501670207,1.4189762494365543])
(1.0,[3.535768896041034,1.4894011726406373])
(0.0,[1.605614523747256,0.29974289519139824])
(1.0,[2.413678734728178,2.1826316767457183])
(0.0,[-0.8821932593373774,0.26432786248412726])
(1.0,[2.0878695933047116,3.5277388966365177])
(0.0,[-1.107001191509183,0.38421647065699477])
(1.0,[2.6462094774496454,2.273786785429519])
(0.0,[1.0712046043765102,-1.1889735666835115])
(1.0,[3.7458483094910666,1.3868020542832566])
(0.0,[-0.8403883736429167,-0.7163969561320671])
(1.0,[3.3359151000342195,3.2382001552279576])
(0.0,[0.13309387098922537,0.938761191821517])
(1.0,[2.083439571838502,3.2204948086228944])
(0.0,[1.3030219848568272,0.5976630914634896])
(1.0,[2.7602376200551317,2.200505791897739])
(0.0,[-0.9458633178207942,0.0490955863627428])
(1.0,[3.7998466026531883,1.9291683955712686])
(0.0,[-1.327236501803235,0.06915643957270164])
(1.0,[3.4740573335685925,2.1080735512507114])
(0.0,[0.8627688253416859,-1.961802291046532])
(1.0,[3.5108780392869776,3.9854745964798326])
(0.0,[-0.69537574439301,0.2436269580373554])
(1.0,[2.920286302932126,4.704192389485899])
(0.0,[-2.031190954684878,-0.7843052045579578])
(1.0,[1.6768848711259499,1.345658047606076])
(0.0,[0.9234894202027507,-0.38179572928866495])
(1.0,[3.1710339307651334,4.129874876536583])
(0.0,[-2.5086697007630376,-0.2638692986795807])
(1.0,[2.079400422215581,3.124756711992435])
(0.0,[-0.1388012859869782,0.3698243463601514])
(1.0,[2.665728164475424,4.574860576068532])
(0.0,[0.11967116650891912,-0.8792117975750646])
(1.0,[3.042630437105455,2.7245525508413677])
(0.0,[0.6078023848042808,-0.7977233104047035])
(1.0,[3.3340709038589638,4.962729210819017])
(0.0,[0.6373101353982795,1.1335021278327686])
(1.0,[3.3821397455119446,4.349379573895378])
(0.0,[-0.9140176931412027,-0.03428220013900756])
(1.0,[4.579963977595727,3.8322809335521484])
(0.0,[-0.43958506434874983,0.21259366700539037])
(1.0,[2.644701808902675,3.945416465403505])
(0.0,[-1.119921743746522,-0.2089105317801997])
(1.0,[2.5480553203091922,3.123344220515146])
(0.0,[0.8723990414181355,1.11150972420879])
(1.0,[4.479600967837827,2.8645066949820057])
(0.0,[-0.003869320481891422,0.24756134775982133])
(1.0,[3.237294368758498,4.642548547098718])
(0.0,[0.34643329685515545,0.029869480691029456])
(1.0,[2.6324740490008893,1.2577448307260846])
(0.0,[-0.4416403319035849,-1.4597062027342758])
(1.0,[1.764049052224297,3.649850384544675])
(0.0,[0.6779287737716254,-1.9489876700506967])
(1.0,[1.4286669812409405,2.4906452014102416])
(0.0,[-1.2271599940693638,0.9869686407012563])
(1.0,[3.6244117441765993,2.36879554315985])
(0.0,[-0.11422653411940642,0.4741905017884626])
(1.0,[3.6192153991840694,2.149436181779614])
(0.0,[0.45425900443207484,-1.357987041493406])
(1.0,[4.312295702128074,3.7596991900930252])
(0.0,[-0.35153502234686884,-0.6297451691082592])
(1.0,[3.4901363450669476,2.0630236379093243])
(0.0,[-1.5343533005821828,-0.23745688647461852])
(1.0,[4.775056734905926,5.291243824646301])
(0.0,[-1.032123659747431,0.8458711875294105])
(1.0,[2.3091889606097844,3.3688150059111215])
(0.0,[0.7854236849909306,0.6742463927844289])
(1.0,[3.284779531346899,2.855746734955609])
(0.0,[0.380579394855332,-1.2378905330462027])
(1.0,[2.540193014555953,3.245568950444961])
(0.0,[-0.5491810448400926,-2.3179482776107894])
(1.0,[3.481785462949587,1.8870182253717969])
(0.0,[-0.06833732101790825,2.178923334945784])
(1.0,[1.1663083809702222,1.8919272314310458])
(0.0,[-0.7801536433937879,-1.4185984368350903])
(1.0,[1.457713814592066,3.0323739348144048])
(0.0,[-0.16377716798970973,0.09678021896691058])
(1.0,[2.2294515799173094,1.6179126855486068])
(0.0,[-0.5845552895984718,-0.8095679531228397])
(1.0,[2.024328902209618,2.4660315284543888])
(0.0,[0.2037503424802764,1.5767438723426828])
(1.0,[3.5058983262252643,3.292836693091364])
(0.0,[-1.4004772080893082,0.6150928060180622])
(1.0,[4.610936499146778,3.3674445809820313])
(0.0,[-0.7325641160695897,-3.0469742419403225])
(1.0,[2.6778956983269926,4.049681967443553])
(0.0,[-0.3375932473421461,-0.32976087151423067])
(1.0,[3.975838378562512,1.2032482992228626])
(0.0,[-1.6622711226380826,-0.6954676646542216])
(1.0,[3.1601568512397256,2.7472491112914357])
(0.0,[0.6739969973916968,1.3608866192945286])
(1.0,[3.097978499063888,3.88429576456391])
(0.0,[-0.16445244300279913,0.631410854999902])
(1.0,[4.244875698991619,3.0464568222900477])
(0.0,[0.1749522197766453,-0.3295077792829936])
(1.0,[4.158913950688044,1.1836177376726964])
(0.0,[-1.8286320279969996,-0.6355826362111864])
(1.0,[2.4795264391445326,0.8073937061906746])
(0.0,[-0.5095499320702017,-0.8451757050184052])
(1.0,[3.6489546081475206,2.7405880916534957])
(0.0,[-0.11733097334574003,0.020300758125140466])
(1.0,[1.9034123919197892,4.036941742254072])
(0.0,[-0.4678304671259669,-0.7653895561277071])
(1.0,[2.555027220737054,4.205906511993216])
(0.0,[0.1952150967011765,1.2402178923240337])
(1.0,[3.532371144429582,2.395018092924601])
(0.0,[1.4682834110821084,2.2292327929025078])
(1.0,[2.1160331256749663,3.7157102308564824])
(0.0,[1.3973790173654674,-1.1902799121683607])
(1.0,[3.4775573554170616,3.0459058509488557])
(0.0,[-2.215337088722839,0.7693588032777773])
(1.0,[2.3298220860458976,1.5924630285528396])
(0.0,[1.260641664088144,1.5474089692944746])
(1.0,[4.460878990061944,2.595950219349794])
(0.0,[-1.8214944389802914,-1.9733205363211535])
(1.0,[4.41874870213851,2.4975116019313264])
(0.0,[1.2037921250123007,-0.7057578432831773])
(1.0,[3.042628088030598,3.7366256492570136])
(0.0,[-0.02609770715133313,-0.01975791007372346])
(1.0,[1.123824442324706,3.5115607224884466])
(0.0,[0.3466005704292144,-1.206858960323042])
(1.0,[3.044152779557358,2.4308738719304266])
(0.0,[-0.8292396838183249,-0.5768591341562801])
(1.0,[2.9898679252543325,3.3291086316901484])
(0.0,[0.6033357093153775,0.18738779274832332])
(1.0,[3.2777482224094916,2.2676548172839714])
(0.0,[-0.7104360487845565,-1.0365712508175688])
(1.0,[2.617802272534323,1.887796671556582])
(0.0,[-0.21008998836798706,-2.4424443035468957])
(1.0,[3.9387085143031317,2.368798316318223])
(0.0,[-0.65027380204969,0.4757828709083824])
(1.0,[1.6786020855223545,1.62019388696364])
(0.0,[0.40325101156361803,0.26629562725726075])
(1.0,[2.4614637796912167,2.778406744842399])
(0.0,[-0.4327374795655596,0.5643009301153851])
(1.0,[2.6419358755663103,2.1911675067034206])
(0.0,[-0.06058610052148417,0.6118154934715632])
(1.0,[4.134485645832481,4.214482766162727])
(0.0,[-2.091472947105952,-0.21279450874188077])
(1.0,[3.7664041746453503,0.5848083052756543])
(0.0,[0.20187441248519114,0.7310035835212488])
(1.0,[3.6821251396696817,1.2016937526237272])
(0.0,[0.16248871053987612,-0.8547163523143474])
(1.0,[3.1725037691095834,3.051265058839004])
(0.0,[-1.7466975308858639,-0.048497170816597705])
(1.0,[4.296665913992498,4.432036327276331])
(0.0,[-0.49371042139965376,-1.3162216335880739])
(1.0,[3.0767376272412292,2.4082404056282467])
(0.0,[0.6517145281009619,-0.15229289422910688])
(1.0,[3.8556129079007406,4.932746403550176])
(0.0,[2.467072616559744,-0.6570760874457315])
(1.0,[3.8722558954619446,2.398547361219584])
(0.0,[-0.996362973160808,-0.24663573264285635])
(1.0,[2.058960472055059,0.09020868936476445])
(0.0,[1.1921444033047794,-1.2205820383864918])
(1.0,[3.499255855340612,4.26015377680707])
(0.0,[0.46495431359796363,-0.3535071804767937])
(1.0,[3.2772715993311534,1.8496849599545144])
(0.0,[0.9200766227075026,1.0153595739730128])
(1.0,[3.7395665378166516,4.161859093428991])
(0.0,[-1.3445731221950805,0.3711182438638966])
(1.0,[1.974184816991473,2.3758202020218637])
(0.0,[0.25747673028745044,1.4898729695115611])
(1.0,[3.643667737073963,2.5171980898063024])
(0.0,[-0.7491175934837044,1.807998586131331])
(1.0,[3.024294668483263,2.745713910567566])
(0.0,[-2.9902104324990075,0.48847563269083094])
(1.0,[2.693457241550706,4.067192099378729])
(0.0,[1.0010822910854564,1.065617155304199])
(1.0,[2.6231328305267576,3.2530925652040796])
(0.0,[-1.569524799794976,0.10080365850268516])
(1.0,[5.543177898986999,3.149276748958176])
(0.0,[-0.2697035609845456,-0.3834981890675749])
(1.0,[5.5737716796876935,3.134627621089238])
(0.0,[0.16848836970122472,1.7680681560270155])
(1.0,[2.984578320659214,3.8081853301923743])
(0.0,[2.00864307305994,-1.1769936806590435])
(1.0,[2.4301644281026538,1.5357007015355957])
(0.0,[-1.251515087462618,-1.0023388301407077])
(1.0,[2.7783106123714036,3.4753675099443138])
(0.0,[1.2067779830446301,-1.1138369735803868])
(1.0,[2.660559526103853,0.9246419639107195])
(0.0,[-0.2120078291751072,0.553871125085326])
(1.0,[3.2961674182984613,4.1840551114889655])
(0.0,[-1.7407002661640898,-0.13494920714243758])
(1.0,[2.61652747199719,2.606431158365525])
(0.0,[0.1810536358726569,-0.7041543708042312])
(1.0,[0.6618977487425206,4.43976232230529])
(0.0,[-1.1056190552516114,-0.26273698119076755])
(1.0,[3.245745718364984,0.9585399121419127])
(0.0,[0.451245033031027,0.3966692171364385])
(1.0,[0.7000962854359294,2.5787278270774685])
(0.0,[-0.20657738352563298,-0.3054434424581368])
(1.0,[2.194893094322135,1.2265276851138993])
(0.0,[1.6478689673866447,-1.2217538409516264])
(1.0,[2.6520153534620268,4.253943157694819])
(0.0,[-1.091459682813003,-1.5933476790183565])
(1.0,[2.381978388803204,2.5725801073346375])
(0.0,[-1.7089448316753346,-0.40058783295112843])
(1.0,[4.692976595302646,2.293610804758882])
(0.0,[-0.8154594160076379,0.9100123432125261])
(1.0,[1.8893957859271135,2.365552941116367])
(0.0,[1.4750445045587657,-0.5730495722105764])
(1.0,[4.627946484342315,4.01023129091373])
(0.0,[-0.5740578222548407,-0.9010801407945085])
(1.0,[1.1844352711236998,1.0077910117111921])
(0.0,[-1.1904557430938465,-0.972229300373332])
(1.0,[1.9514043869587852,2.6603232743467817])
(0.0,[-0.11744191317950421,1.8160954524210857])
(1.0,[2.796337014232012,3.45131164191957])
(0.0,[1.1908754571951825,1.37388641966138])
(1.0,[3.1347230127964805,3.4874636513372774])
(0.0,[1.4279445191621287,0.4142573535049987])
(1.0,[3.2845746999649457,2.942571828876143])
(0.0,[1.0418078095097314,-0.515727237947711])
(1.0,[3.0672407807876674,3.593602465858237])
(0.0,[0.1070041194341431,0.013584199138111364])
(1.0,[2.831124413123504,2.5083468687281196])
(0.0,[1.9088191143015583,1.1943157723052062])
(1.0,[2.888463730373365,3.8588231186101716])
(0.0,[0.3344825700647222,1.4902421889158837])
(1.0,[5.1805240354926285,2.347000348613805])
(0.0,[-0.14736761539184529,-1.3764336595247777])
(1.0,[4.945788020165247,4.520764535128319])
(0.0,[0.48089579766964224,-1.0406729486881927])
(1.0,[3.115699146536788,3.0271206455481905])
(0.0,[0.8816867514268375,-0.7885530518936628])
(1.0,[3.293642905051253,4.129500570671647])
(0.0,[0.021019117419869213,-1.0983625263034136])
(1.0,[3.4712873315273884,2.8896550248710255])
(0.0,[1.336463967380889,0.1782538924176004])
(1.0,[2.9674559623039674,2.1702990000666977])
(0.0,[-0.9137873001694705,-1.6488427315604255])
(1.0,[2.425720985355789,3.336546225859983])
(0.0,[-2.3622279944776245,0.33443034793657744])
(1.0,[3.557057454549674,0.9654984504665607])
(0.0,[0.4924227412613347,0.8572441753897001])
(1.0,[2.903599258175698,1.9821387894597133])
(0.0,[-0.562864152759892,-1.41025535274598])
(1.0,[2.621542267864135,3.0896861639721602])
(0.0,[-0.9659016052287058,1.8601390770202668])
(1.0,[2.73394050343452,1.5908844566159697])
(0.0,[0.316736908826005,0.2857224419323005])
(1.0,[2.3312567009140532,5.596694984859762])
(0.0,[0.3137619371424862,-0.1840942808000176])
(1.0,[3.857644883242267,1.7425846536145542])
(0.0,[-0.10204795362718587,3.253153279848385])
(1.0,[1.991635750012152,3.0091345292604816])
(0.0,[0.6187841242310289,0.9589700354301842])
(1.0,[2.9773010080735895,3.723750625441197])
(0.0,[-0.8890787476930039,0.6057780620635984])
(1.0,[3.2341068438464773,4.238588226643048])
(0.0,[-0.6100941277292691,-1.5125630779121992])
(1.0,[3.378840902739636,2.0705801293719017])
(0.0,[1.9736225258875286,1.725383750563661])
(1.0,[1.8874237286900284,3.9061132751393997])
(0.0,[-0.0823939289302894,1.8958431169469556])
(1.0,[1.5927855001333566,4.6310125064091965])
(0.0,[0.3112044157520983,-1.7878471816057036])
(1.0,[4.34881513764263,3.4693940014863784])
(0.0,[1.052103622850019,-0.16912252356217902])
(1.0,[3.167179956507673,2.8792495587252507])
(0.0,[0.16791453003538387,-0.8546142448164881])
(1.0,[3.0538805073215953,3.4494667407676842])
(0.0,[-0.9500475678227512,0.06998146933806365])
(1.0,[3.8909913837847467,2.6813428719208763])
(0.0,[-0.09976816220585052,-1.4875944011133129])
(1.0,[3.1791447205478742,4.424991854067018])
(0.0,[1.0999643223476656,-1.1200747827607145])
(1.0,[5.222367041159025,1.2015274537211948])
(0.0,[-0.2848179798736651,0.401703345435371])
(1.0,[3.92690552314874,0.5307127426832543])
(0.0,[-0.6771410319499919,-0.5806616553853885])
(1.0,[3.611779415106116,3.3322298911093533])
(0.0,[-1.359189339369671,-0.03773529290863042])
(1.0,[4.696002594470123,1.4346348756461187])
(0.0,[-1.0094856636150293,0.19687532044013809])
(1.0,[3.2169383066148383,3.2307201581236473])
(0.0,[0.7836015359045666,0.2941037782687062])
(1.0,[3.7317041306588012,3.7985843457251107])
(0.0,[-0.3693168101963429,1.4513472421644549])
(1.0,[4.398703283685875,2.654636797434109])
(0.0,[0.02043081741683321,0.20805199015337653])
(1.0,[2.324187503797731,3.8819865944906566])
(0.0,[1.671377007435211,1.3731572027338659])
(1.0,[4.534630721644852,1.1543799480085444])
(0.0,[-0.3253127279932509,-0.8285225286171498])
(1.0,[3.993821155042294,0.7056403589045206])
(0.0,[1.194500226045371,0.638917136862092])
(1.0,[2.72148063695256,3.858678264350294])
(0.0,[-0.1905653672336637,0.8969404368665279])
(1.0,[1.9587911397509248,3.937696894952624])
(0.0,[-1.1358853052995896,1.4443151501322575])
(1.0,[3.7551091652428026,2.475478572543473])
(0.0,[-0.9167034706173607,-1.7549316646340103])
(1.0,[1.4669571532496661,3.2025879996118567])
(0.0,[-0.9673112226998997,0.13104324478779786])
(1.0,[5.129589009385082,2.962228456981596])
(0.0,[-1.038791699676283,0.3394661925580474])
(1.0,[4.0067362767396055,3.7808733451013863])
(0.0,[0.4607763000001474,0.3165842402170894])
(1.0,[3.470781763864157,3.1917117382789906])
(0.0,[-1.0759836593672722,2.1677955321765423])
(1.0,[1.8061608083541592,2.1368201192592524])
(0.0,[0.18913968729195288,-0.6832055159990379])
(1.0,[2.222086435460701,2.462434683952491])
(0.0,[1.1697195016246194,-0.6482703204844716])
(1.0,[0.9469729137532825,2.564223951962673])
(0.0,[-0.2596612587018774,1.3675954564898984])
(1.0,[3.3498722540414603,2.8411678301395655])
(0.0,[0.15549061976540607,-0.8795816620250406])
(1.0,[3.2166810907529517,3.3909740833940147])
(0.0,[-0.27777898312342497,1.5708467895548373])
(1.0,[3.5590852623593734,3.022687446035052])
(0.0,[0.8854804450462548,-0.1674059547432505])
(1.0,[5.592380230543062,2.046846128948299])
(0.0,[-0.38403645419139704,-0.6879614453050698])
(1.0,[1.2059037878354082,3.1373448113023263])
(0.0,[-0.9332349591768346,0.3271191223126651])
(1.0,[2.6941262027196444,2.0016455336591275])
(0.0,[1.985628476449888,-1.720937514961405])
(1.0,[1.52678578836386,3.6524268651279113])
(0.0,[0.14930924959259012,0.3549736192569231])
(1.0,[2.5081810800507904,4.502494324423253])
(0.0,[1.3659157029970181,-1.4064298168920828])
(1.0,[2.8947698041280185,3.871692848909248])
(0.0,[-0.19002791703482588,0.8099829390725909])
(1.0,[3.0481549176670555,4.05245395484312])
(0.0,[-0.014729952199541938,0.43445426055411474])
(1.0,[3.0874888030440486,3.89317889717026])
(0.0,[0.9521743475193137,0.16292125350371375])
(1.0,[3.0564028575123805,3.150394468127784])
(0.0,[-2.5565867181635724,1.1693524400747453])
(1.0,[3.963399476624186,2.655863627219969])
(0.0,[2.0594134768376584,1.4326082874689938])
(1.0,[3.9415985004601524,4.816989711315565])
(0.0,[0.4986273362656531,-0.30506819506279537])
(1.0,[2.7697598834307633,2.0292290332215512])
(0.0,[-0.4716043983943112,1.4692631198715722])
(1.0,[3.4127279940145883,3.078218915501194])
(0.0,[-0.28649487641740207,-0.8009455078808752])
(1.0,[2.645854233845017,4.028461076417125])
(0.0,[-1.2333241385253426,-0.2850384355482007])
(1.0,[2.4938754741404976,1.3466482769013481])
(0.0,[0.6872021385233428,-0.5159203960430369])
(1.0,[3.136974388668967,1.69291587793452])
(0.0,[0.9532239280401443,2.619265789851879])
(1.0,[2.570576389986536,2.548658346643033])
(0.0,[-1.030037965987706,0.2814883160676786])
(1.0,[2.510605023939257,2.3227098241155213])
(0.0,[2.4171507836629256,1.245606490445435])
(1.0,[3.5520681299250985,0.7442734445298673])
(0.0,[1.1940577980770877,1.6319950123919318])
(1.0,[2.708933998825159,2.118496371335553])
(0.0,[0.26808250222082186,2.5727974909556437])
(1.0,[3.221534693193204,3.073316472650363])
(0.0,[-0.6915734756410544,0.25168141600713434])
(1.0,[1.839319878312068,1.765565689559382])
(0.0,[1.708990562782385,1.1196517028520787])
(1.0,[2.1942131633492643,3.733776318231434])
(0.0,[1.4884941762679373,-0.5221400677305167])
(1.0,[2.425026062564176,4.814343944240822])
(0.0,[-1.3572570451352999,0.04542725800519613])
(1.0,[3.211869589232063,0.01498355271713292])
(0.0,[1.6170759581287553,0.7420944718274473])
(1.0,[1.8096883146020295,1.2063063122336204])
(0.0,[0.8326608996906895,-0.9760063002065638])
(1.0,[3.60415819299222,3.905143144181063])
(0.0,[0.9709971797789466,-1.0644382680658016])
(1.0,[2.8104103693138778,3.5792951568581017])
(0.0,[-1.021059644329913,-0.25967578007654707])
(1.0,[2.4020556940935216,3.8705560506781826])
(0.0,[-2.704107564850001,-0.14300257306795375])
(1.0,[3.7681081908063643,2.5433599278958297])
(0.0,[-0.537043950598385,0.8892208622861])
(1.0,[3.894301374710518,2.76168141850308])
(0.0,[-0.8416385593366815,1.3377079857054535])
(1.0,[1.4560861866861152,1.9464951398785584])
(0.0,[0.8974462212548237,-0.9027814165394935])
(1.0,[2.848274393366227,4.089266410865265])
(0.0,[-1.9874388443190703,-2.0515326123686])
(1.0,[1.7443330286532606,5.182730816947559])
(0.0,[1.9345124573698136,0.15482916596109797])
(1.0,[3.730890742221753,3.4571088485293173])
(0.0,[-0.7591467032951466,0.7817400181511722])
(1.0,[1.9612060838774241,1.7874104906670758])
(0.0,[0.04241602781710118,1.7624663777014242])
(1.0,[2.983106574446788,2.057794179835603])
(0.0,[-2.2675373876565272,0.1810247094230928])
(1.0,[1.8242036739605434,3.2897838599534053])
(0.0,[0.42135250345103276,0.9201551657148959])
(1.0,[2.3324158301116547,3.2735600739611406])
(0.0,[-2.503382611181759,-0.604428052499623])
(1.0,[2.1068571110070753,1.3987709205712464])
(0.0,[-0.25006447102137164,1.1597904649452788])
(1.0,[3.6610503210650105,2.389802330720335])
(0.0,[0.6655774387829471,-0.7657689612002381])
(1.0,[3.85820287126228,5.653287382126853])
(0.0,[0.08244241317513575,0.4755361735454262])
(1.0,[3.6029514045048234,3.0483730792265247])
(0.0,[1.0276000901424318,-0.569237094330588])
(1.0,[2.484863163042475,3.4464671311141046])
(0.0,[0.24588867824456415,-0.7355421671684942])
(1.0,[2.8757627634577396,1.3730139621444188])
(0.0,[0.911649033206053,-1.0562220913143838])
(1.0,[0.6701966948829261,3.8815519088585195])
(0.0,[1.0649444423673609,0.5738944212075908])
(1.0,[3.1272553354329955,5.18450239514651])
(0.0,[-1.8305691156390467,-1.2811179644895232])
(1.0,[4.326027257587544,1.9589219729995737])
(0.0,[-0.2278417247639679,-0.6436775444106994])
(1.0,[3.9854139754166136,2.8662622299102947])
(0.0,[-0.33177487577648573,0.7122237484053809])
(1.0,[2.7631237758865255,2.490470927953921])
(0.0,[-0.2989203275224733,-0.9063254275476191])
(1.0,[2.7739570950234254,3.333596743208583])
(0.0,[-0.12025132003053318,-1.2251715775331837])
